0.5 15
37 52 6 6

Coordinates
1      0.89286     -0.15625
2      0.89286      0.31027
3      0.35268     -0.15625
4       0.4644      0.54353
5      0.89286      0.77679
6     0.017556      0.32778
7      -0.1875     -0.15625
8      0.51384         1.01
9     0.067399      0.82148
10      0.89286       1.2433
11     -0.47437      0.41875
12     -0.72768     -0.15625
13    -0.092357       1.2092
14      0.44792       1.4766
15     -0.54327       0.9939
16      0.89286       1.7098
17     -0.95095      0.30641
18     0.004798       1.7307
19     -0.99617      0.79417
20      -1.2679     -0.15625
21     -0.49675       1.6151
22      0.89286       2.1763
23     -0.95285       1.2718
24      -1.3796      0.54353
25      0.35268       2.1763
26      -0.1875       2.1763
27      -1.4002         1.01
28     -0.91929       1.7704
29       -1.808     -0.15625
30       -1.808      0.31027
31      -1.3594       1.5303
32     -0.72768       2.1763
33       -1.808      0.77679
34       -1.808       1.2433
35      -1.2679       2.1763
36       -1.808       1.7098
37       -1.808       2.1763
EndCoordinates

Elements
1 37 36 35
2 30 29 20
3 10 16 14
4 34 33 27
5 2 5 4
6 36 34 31
7 31 34 27
8 36 31 35
9 1 2 3
10 16 22 25
11 33 30 24
12 5 10 8
13 8 10 14
14 5 8 4
15 31 27 23
16 4 8 9
17 27 33 24
18 27 24 19
19 19 24 17
20 27 19 23
21 8 13 9
22 4 9 6
23 23 19 15
24 2 4 3
25 24 30 20
26 17 24 20
27 19 17 11
28 15 19 11
29 15 11 9
30 23 15 21
31 6 9 11
32 4 6 3
33 11 17 12
34 21 15 13
35 23 21 28
36 13 15 9
37 13 8 14
38 21 13 18
39 28 21 32
40 28 32 35
41 23 28 31
42 18 13 14
43 21 26 32
44 14 16 25
45 12 17 20
46 28 35 31
47 7 3 6
48 7 6 11
49 26 21 18
50 26 18 25
51 12 7 11
52 18 14 25
EndElements

Dirichlet
29           10
30           10
33           10
34           10
36           10
37           10
EndDirichlet

Neumann
1            3
2            3
5            3
10            3
16            3
22            3
EndNeumann
